width 20
height 20

0 3 2
0 4 2

1 1 9
1 6 9
1 8 6
1 9 5
1 12 4
1 13 10
1 14 6
1 17 3
1 19 3

2 1 9
2 4 6
2 10 4
2 15 1
2 17 2
2 18 1

3 1 2
3 2 1
3 9 1
3 12 1
3 13 9
3 14 2
3 17 2

4 0 9
4 1 2
4 7 2
4 8 5
4 14 2
4 16 6

5 0 3 
5 3 5
5 7 2
5 17 5

6 7 6
6 11 6 
6 13 10
6 14 1

7 0 3
7 5 1
7 7 6 
7 8 2
7 9 2
7 13 2

8 0 9
8 10 6
8 13 2
8 14 9
8 15 2

9 3 5
9 7 1
9 10 9
9 14 9
9 15 2
9 17 5

10 1 2
10 7 2
10 8 2
10 11 2
10 14 10
10 16 1

11 1 2
11 2 2
11 8 2
11 9 2
11 11 2
11 13 4
11 14 1
11 16 2
11 17 2

12 2 2
12 3 3
12 5 2
12 6 2
12 10 10
12 15 4
12 18 4

13 0 4
13 3 9 
13 4 3
13 8 10
13 12 4
13 14 6 
13 19 6

14 2 10
14 3 10
14 6 4

15 3 9
15 4 4
15 8 4
15 9 9
15 10 3
15 12 3
15 13 2
15 14 1
15 17 2
15 18 2

16 0 4
16 5 2
16 11 1
16 13 2
16 15 9
16 18 4

17 5 2
17 9 4
17 12 9 
17 17 1

18 1 1
18 2 9
18 3 2
18 4 2
18 9 6
18 10 6
18 12 1
18 14 2
18 16 1

19 2 10
19 3 1
19 13 9
19 14 2
19 15 3
19 17 3
19 18 4
